Bip01
-1
-0.000001, 0.000000, -1.000000
0.000000, 1.000000, 0.000000
1.000000, 0.000000, -0.000001
-0.019492, 15.308683, -4.749187
-3.141593, 3.141593
-3.141593, 3.141593
-3.141593, 3.141593
Bip01 Head
10
0.989688, 0.000000, -0.143241
-0.000000, 1.000000, 0.000000
0.143241, 0.000000, 0.989688
9.185983, -0.000000, 0.000000
-3.141593, 3.141593
-3.141593, 3.141593
-3.141593, 3.141593
Bip01 L Calf
8
0.991891, 0.000000, 0.127092
-0.000000, 1.000000, 0.000000
-0.127092, 0.000000, 0.991891
42.527672, -0.000000, 0.000000
-3.141593, 3.141593
-3.141593, 3.141593
-3.141593, 3.141593
Bip01 L Clavicle
10
-0.025452, 0.999676, -0.000781
0.999202, 0.025464, 0.030782
0.030791, 0.000003, -0.999526
-1.885224, 6.318061, -0.065374
-3.141593, 3.141593
-3.141593, 3.141593
-3.141593, 3.141593
Bip01 L Finger0
7
1.000000, 0.000000, 0.000000
-0.000000, 1.000000, -0.000796
-0.000000, 0.000796, 1.000000
8.470613, 0.000000, 0.000003
-3.141593, 3.141593
-3.141593, 3.141593
-3.141593, 3.141593
Bip01 L Foot
2
0.995567, 0.017707, -0.092376
-0.019258, 0.999688, -0.015924
0.092065, 0.017633, 0.995597
39.808651, -0.000002, 0.000000
-3.141593, 3.141593
-3.141593, 3.141593
-3.141593, 3.141593
Bip01 L Forearm
9
0.999968, 0.000000, 0.008014
-0.000000, 1.000000, -0.000000
-0.008014, 0.000000, 0.999968
28.472822, -0.000000, -0.000000
-3.141593, 3.141593
-3.141593, 3.141593
-3.141593, 3.141593
Bip01 L Hand
6
0.998100, -0.060990, 0.008754
0.008614, -0.002550, -0.999960
0.061009, 0.998135, -0.002020
23.871702, -0.000003, 0.000000
-3.141593, 3.141593
-3.141593, 3.141593
-3.141593, 3.141593
Bip01 L Thigh
19
-0.965129, 0.259744, -0.032543
-0.258974, -0.965532, -0.026071
-0.038193, -0.016734, 0.999130
-9.936618, 8.565575, -0.018073
-3.141593, 3.141593
-3.141593, 3.141593
-3.141593, 3.141593
Bip01 L UpperArm
3
0.997301, 0.070008, -0.022140
-0.069747, 0.997488, 0.012341
0.022949, -0.010764, 0.999679
8.700182, 0.000000, 0.000000
-3.141593, 3.141593
-3.141593, 3.141593
-3.141593, 3.141593
Bip01 Neck
20
0.999550, 0.000000, -0.029995
-0.000000, 1.000000, 0.000000
0.029996, 0.000000, 0.999550
23.700277, 0.000000, 0.007312
-3.141593, 3.141593
-3.141593, 3.141593
-3.141593, 3.141593
Bip01 Pelvis
0
0.000000, 1.000000, 0.000001
-0.000001, 0.000001, -1.000000
-1.000000, -0.000000, 0.000001
0.000000, 0.000000, 0.000000
-3.141593, 3.141593
-3.141593, 3.141593
-3.141593, 3.141593
Bip01 R Calf
17
0.990603, -0.000000, 0.136767
0.000000, 1.000000, -0.000000
-0.136767, 0.000000, 0.990603
42.527672, -0.000003, 0.000001
-3.141593, 3.141593
-3.141593, 3.141593
-3.141593, 3.141593
Bip01 R Clavicle
10
-0.025452, -0.999676, -0.000787
-0.999202, 0.025464, -0.030781
0.030791, 0.000003, -0.999526
-1.885224, -6.318060, -0.065409
-3.141593, 3.141593
-3.141593, 3.141593
-3.141593, 3.141593
Bip01 R Foot
12
0.995080, -0.018208, -0.097391
0.019832, 0.999680, 0.015733
0.097073, -0.017587, 0.995122
39.808659, 0.000000, -0.000001
-3.141593, 3.141593
-3.141593, 3.141593
-3.141593, 3.141593
Bip01 R Forearm
18
0.999968, 0.000000, 0.008014
-0.000000, 1.000000, 0.000000
-0.008014, -0.000000, 0.999968
28.472820, -0.000000, -0.000000
-3.141593, 3.141593
-3.141593, 3.141593
-3.141593, 3.141593
Bip01 R Hand
15
0.999013, 0.043560, 0.008703
-0.008600, -0.002550, 0.999960
0.043580, -0.999048, -0.002173
23.871708, 0.000003, 0.000000
-3.141593, 3.141593
-3.141593, 3.141593
-3.141593, 3.141593
Bip01 R Thigh
19
-0.964808, -0.260306, -0.037247
0.259458, -0.965401, 0.026110
-0.042755, 0.015527, 0.998965
-9.936617, -8.565576, -0.018121
-3.141593, 3.141593
-3.141593, 3.141593
-3.141593, 3.141593
Bip01 R UpperArm
13
0.997301, -0.070008, -0.022140
0.069747, 0.997488, -0.012341
0.022949, 0.010764, 0.999679
8.700181, -0.000003, -0.000000
-3.141593, 3.141593
-3.141593, 3.141593
-3.141593, 3.141593
Bip01 Spine
11
1.000000, 0.000001, -0.000796
-0.000001, 1.000000, -0.000004
0.000796, 0.000004, 1.000000
9.936628, 0.000013, 0.010186
-3.141593, 3.141593
-3.141593, 3.141593
-3.141593, 3.141593
Bip01 Spine1
19
1.000000, 0.000000, -0.000000
0.000000, 1.000000, -0.000000
-0.000000, -0.000000, 1.000000
12.790505, -0.000000, 0.018872
-3.141593, 3.141593
-3.141593, 3.141593
-3.141593, 3.141593
Bip01 Footsteps
0
-0.000001, 0.000000, 1.000000
0.000000, 1.000000, 0.000000
-1.000000, 0.000000, -0.000001
0.000000, -89.281548, 0.000000
-3.141593, 3.141593
-3.141593, 3.141593
-3.141593, 3.141593
Bip01 L Toe0
5
-0.000000, 0.000000, -1.000000
0.000000, 1.000000, 0.000000
1.000000, 0.000000, -0.000000
9.936624, 0.000001, -16.041271
-3.141593, 3.141593
-3.141593, 3.141593
-3.141593, 3.141593
Bip01 R Toe0
14
-0.000000, -0.000000, -1.000000
0.000000, 1.000000, -0.000000
1.000000, -0.000000, -0.000000
9.936619, 0.000000, -16.041273
-3.141593, 3.141593
-3.141593, 3.141593
-3.141593, 3.141593
Bip01 R Finger0
16
1.000000, -0.000000, 0.000000
-0.000000, 1.000000, 0.000796
-0.000000, -0.000796, 1.000000
8.470613, 0.000000, 0.000002
-3.141593, 3.141593
-3.141593, 3.141593
-3.141593, 3.141593
